1.000000 0.000000 0.000000 0.000000 
0.000000 1.000000 0.000000 0.000000 
0.000000 0.000000 1.000000 0.000000 
0.000000 0.000000 0.000000 1.000000 

1.000000 0.000000 0.000000 0.000000 
0.000000 1.000000 0.000000 0.000000 
0.000000 0.000000 1.000000 0.000000 
0.000000 0.000000 0.000000 1.000000 

1.000000 0.000000 0.000000 0.000000 
0.000000 1.000000 0.000000 0.000000 
0.000000 0.000000 1.000000 0.000000 
0.000000 0.000000 0.000000 1.000000 

1.000000 0.000000 0.000000 0.000000 
0.000000 1.000000 0.000000 0.000000 
0.000000 0.000000 1.000000 0.000000 
0.000000 0.000000 0.000000 1.000000 

0.917122 -0.369485 0.149561 0.000000 
0.357640 0.928428 0.100571 0.000000 
-0.176016 -0.038747 0.983624 0.000000 
15.192844 8.556313 -0.920221 1.000000 

0.929259 0.351561 -0.113503 0.000000 
-0.338070 0.933124 0.122427 0.000000 
0.148952 -0.075394 0.985966 0.000000 
-13.648292 8.692030 0.607059 1.000000 

1.000000 0.000000 0.000000 0.000000 
0.000000 0.998905 -0.046783 0.000000 
0.000000 0.046783 0.998905 0.000000 
0.000000 0.020676 1.108180 1.000000 

0.898017 -0.421519 0.126044 0.000000 
0.400314 0.901696 0.163377 0.000000 
-0.182520 -0.096258 0.978479 0.000000 
17.814564 11.563219 2.604157 1.000000 

0.893125 0.428295 -0.137448 0.000000 
-0.408599 0.900265 0.150232 0.000000 
0.188084 -0.078015 0.979050 0.000000 
-18.913088 11.182787 0.664878 1.000000 

1.000000 0.000000 0.000000 0.000000 
0.000000 0.999949 -0.010097 0.000000 
0.000000 0.010097 0.999949 0.000000 
0.000000 0.031423 -1.109713 1.000000 

0.886923 -0.413790 -0.205292 0.000000 
0.455447 0.709265 0.538062 0.000000 
-0.077038 -0.570720 0.817523 0.000000 
17.323030 19.116302 47.470703 1.000000 

0.898997 0.374006 0.227869 0.000000 
-0.435410 0.707259 0.556959 0.000000 
0.047143 -0.599921 0.798669 0.000000 
-14.576624 18.034874 49.536091 1.000000 

1.000000 0.000000 0.000000 0.000000 
0.000000 0.999949 -0.010097 0.000000 
0.000000 0.010097 0.999949 0.000000 
0.000000 0.031423 -1.109713 1.000000 

1.000000 0.000000 0.000000 0.000000 
0.000000 0.999949 -0.010097 0.000000 
0.000000 0.010097 0.999949 0.000000 
0.000000 0.031423 -1.109713 1.000000 

1.000000 0.000000 0.000000 0.000000 
0.000000 0.999949 -0.010097 0.000000 
0.000000 0.010097 0.999949 0.000000 
0.000000 0.031423 -1.109713 1.000000 

0.839646 -0.427200 -0.335402 0.000000 
0.536617 0.557117 0.633769 0.000000 
-0.083888 -0.712124 0.697024 0.000000 
25.235416 21.042017 69.013809 1.000000 

0.817459 0.462128 0.343801 0.000000 
-0.567785 0.546156 0.615901 0.000000 
0.096856 -0.698679 0.708849 0.000000 
-29.688669 24.165468 66.686905 1.000000 

0.968465 -0.128703 0.213333 0.000000 
0.133790 0.990964 -0.009522 0.000000 
-0.210180 0.037764 0.976933 0.000000 
-15.850721 -5.781848 10.045128 1.000000 

0.970911 0.140249 -0.194066 0.000000 
-0.144807 0.989415 -0.009432 0.000000 
0.190689 0.037260 0.980943 0.000000 
17.171787 -6.294112 9.144173 1.000000 

0.998670 0.050367 0.011042 0.000000 
-0.051298 0.992179 0.113795 0.000000 
-0.005224 -0.114210 0.993443 0.000000 
7.999737 2.579360 -20.223293 1.000000 

0.843352 -0.452348 -0.290067 0.000000 
0.529389 0.606759 0.592950 0.000000 
-0.092219 -0.653624 0.751180 0.000000 
25.140610 21.576948 59.256248 1.000000 

0.864840 0.404050 0.297985 0.000000 
-0.498236 0.617747 0.608399 0.000000 
0.061744 -0.674635 0.735565 0.000000 
-20.028957 19.232595 59.977863 1.000000 

0.998120 0.032964 0.051666 0.000000 
-0.032078 0.999325 -0.017884 0.000000 
-0.052221 0.016193 0.998504 0.000000 
3.141121 5.769265 -1.505982 1.000000 

0.997702 -0.029977 -0.060754 0.000000 
0.028874 0.999403 -0.018958 0.000000 
0.061286 0.017161 0.997973 0.000000 
-2.941330 5.733009 -0.097701 1.000000 

0.999576 -0.002117 -0.029035 0.000000 
0.020860 0.747792 0.663606 0.000000 
0.020307 -0.663930 0.747519 0.000000 
-5.008642 52.259457 -113.994820 1.000000 

0.733869 -0.647694 -0.204763 0.000000 
0.655296 0.595609 0.464583 0.000000 
-0.178950 -0.475124 0.861530 0.000000 
49.214996 29.742271 36.033119 1.000000 

0.732929 0.649927 0.201022 0.000000 
-0.656799 0.599004 0.458049 0.000000 
0.177286 -0.467748 0.865899 0.000000 
-50.145229 29.504871 32.908772 1.000000 

0.969733 -0.004011 -0.244134 0.000000 
0.000816 0.999913 -0.013185 0.000000 
0.244165 0.012586 0.969652 0.000000 
-7.977892 1.931005 -32.212631 1.000000 

0.965188 -0.031055 0.259708 0.000000 
0.034075 0.999394 -0.007131 0.000000 
-0.259329 0.015732 0.965661 0.000000 
4.392426 5.866362 -34.286617 1.000000 

0.999576 -0.002117 -0.029035 0.000000 
0.020860 0.747792 0.663606 0.000000 
0.020307 -0.663930 0.747519 0.000000 
-5.008642 52.259457 -113.994820 1.000000 

0.999576 -0.002117 -0.029035 0.000000 
0.020860 0.747792 0.663606 0.000000 
0.020307 -0.663930 0.747519 0.000000 
-5.008642 52.259457 -113.994820 1.000000 

0.999576 -0.002117 -0.029035 0.000000 
0.020860 0.747792 0.663606 0.000000 
0.020307 -0.663930 0.747519 0.000000 
-5.008642 52.259457 -113.994820 1.000000 

0.733869 -0.647694 -0.204763 0.000000 
0.655296 0.595609 0.464583 0.000000 
-0.178950 -0.475124 0.861530 0.000000 
49.214996 29.742271 36.033119 1.000000 

0.733869 -0.647694 -0.204763 0.000000 
0.655296 0.595609 0.464583 0.000000 
-0.178950 -0.475124 0.861530 0.000000 
49.214996 29.742271 36.033119 1.000000 

0.733869 -0.647694 -0.204763 0.000000 
0.655296 0.595609 0.464583 0.000000 
-0.178950 -0.475124 0.861530 0.000000 
49.214996 29.742271 36.033119 1.000000 

0.732929 0.649927 0.201022 0.000000 
-0.656799 0.599004 0.458049 0.000000 
0.177286 -0.467748 0.865899 0.000000 
-50.145229 29.504871 32.908772 1.000000 

0.732929 0.649927 0.201022 0.000000 
-0.656799 0.599004 0.458049 0.000000 
0.177286 -0.467748 0.865899 0.000000 
-50.145229 29.504871 32.908772 1.000000 

0.732929 0.649927 0.201022 0.000000 
-0.656799 0.599004 0.458049 0.000000 
0.177286 -0.467748 0.865899 0.000000 
-50.145229 29.504871 32.908772 1.000000 

0.999349 0.032900 -0.014802 0.000000 
-0.033114 0.999347 -0.014469 0.000000 
0.014317 0.014950 0.999786 0.000000 
2.006196 6.777088 -2.509430 1.000000 

0.295405 0.954970 0.027707 0.000000 
-0.909655 0.290014 -0.297355 0.000000 
-0.292001 0.062637 0.954365 0.000000 
201.927704 -41.505703 29.883095 1.000000 

0.996527 -0.081196 0.018481 0.000000 
0.036146 0.621705 0.782417 0.000000 
-0.075019 -0.779032 0.622480 0.000000 
-6.781936 81.946304 -138.067688 1.000000 

0.977226 0.095468 0.189514 0.000000 
-0.212168 0.455434 0.864618 0.000000 
-0.003768 -0.885136 0.465317 0.000000 
41.901726 105.066376 -164.051956 1.000000 

0.975244 0.033623 -0.218561 0.000000 
0.185625 0.412672 0.891765 0.000000 
0.120178 -0.910259 0.396214 0.000000 
-35.919468 114.016525 -169.416595 1.000000 

0.687304 -0.725843 -0.027671 0.000000 
0.673403 0.622442 0.398866 0.000000 
-0.272290 -0.292776 0.916592 0.000000 
64.332962 28.885384 1.743900 1.000000 

0.728062 -0.678794 -0.095730 0.000000 
0.679619 0.696461 0.230346 0.000000 
-0.089685 -0.232766 0.968389 0.000000 
43.296192 17.665756 -1.261404 1.000000 

0.733869 -0.647694 -0.204763 0.000000 
0.655296 0.595609 0.464583 0.000000 
-0.178950 -0.475124 0.861530 0.000000 
49.214996 29.742271 36.033119 1.000000 

0.733869 -0.647694 -0.204763 0.000000 
0.655296 0.595609 0.464583 0.000000 
-0.178950 -0.475124 0.861530 0.000000 
49.214996 29.742271 36.033119 1.000000 

0.688346 0.724052 -0.043917 0.000000 
-0.655854 0.647091 0.388753 0.000000 
0.309895 -0.238793 0.920295 0.000000 
-67.812225 24.014278 -11.856739 1.000000 

0.739012 0.651082 0.173071 0.000000 
-0.652508 0.627836 0.424329 0.000000 
0.167612 -0.426514 0.888815 0.000000 
-48.108906 27.039574 24.978180 1.000000 

0.732929 0.649927 0.201022 0.000000 
-0.656799 0.599004 0.458049 0.000000 
0.177286 -0.467748 0.865899 0.000000 
-50.145229 29.504871 32.908772 1.000000 

0.732929 0.649927 0.201022 0.000000 
-0.656799 0.599004 0.458049 0.000000 
0.177286 -0.467748 0.865899 0.000000 
-50.145229 29.504871 32.908772 1.000000 

0.997332 -0.008421 -0.072516 0.000000 
0.007244 0.999838 -0.016472 0.000000 
0.072643 0.015902 0.997231 0.000000 
-3.668811 0.092587 -11.489388 1.000000 

0.242185 0.963692 0.112450 0.000000 
-0.917244 0.265193 -0.297214 0.000000 
-0.316243 -0.031163 0.948166 0.000000 
210.123489 -40.428913 17.941593 1.000000 

0.996527 -0.081196 0.018481 0.000000 
0.036146 0.621705 0.782417 0.000000 
-0.075019 -0.779032 0.622480 0.000000 
-6.781936 81.946304 -138.067688 1.000000 

0.996527 -0.081196 0.018481 0.000000 
0.036146 0.621705 0.782417 0.000000 
-0.075019 -0.779032 0.622480 0.000000 
-6.781936 81.946304 -138.067688 1.000000 

0.996527 -0.081196 0.018481 0.000000 
0.036146 0.621705 0.782417 0.000000 
-0.075019 -0.779032 0.622480 0.000000 
-6.781936 81.946304 -138.067688 1.000000 

0.987600 0.121804 -0.099044 0.000000 
-0.049819 0.841444 0.538043 0.000000 
0.148876 -0.526437 0.837078 0.000000 
18.446609 49.038788 -75.306000 1.000000 

0.998809 -0.047924 0.009140 0.000000 
0.033070 0.802778 0.595361 0.000000 
-0.035870 -0.594350 0.803407 0.000000 
-15.439785 56.994652 -89.869919 1.000000 

0.811835 -0.491871 -0.314622 0.000000 
0.564787 0.524828 0.636845 0.000000 
-0.148123 -0.694707 0.703876 0.000000 
32.241039 33.715214 75.344269 1.000000 

0.528595 -0.846163 -0.067788 0.000000 
0.636318 0.342115 0.691417 0.000000 
-0.561860 -0.408614 0.719269 0.000000 
122.272568 51.675804 31.641083 1.000000 

0.828380 0.455890 0.325500 0.000000 
-0.544511 0.518920 0.658961 0.000000 
0.131505 -0.723109 0.678100 0.000000 
-28.322807 33.963493 79.315971 1.000000 

0.534899 0.844552 0.024808 0.000000 
-0.635722 0.382949 0.670230 0.000000 
0.556543 -0.374276 0.741739 0.000000 
-122.857819 47.102272 21.543240 1.000000 

0.997332 -0.008421 -0.072516 0.000000 
0.007244 0.999838 -0.016472 0.000000 
0.072643 0.015902 0.997231 0.000000 
-3.668811 0.092587 -11.489388 1.000000 

0.997332 -0.008421 -0.072516 0.000000 
0.007244 0.999838 -0.016472 0.000000 
0.072643 0.015902 0.997231 0.000000 
-3.668811 0.092587 -11.489388 1.000000 

0.997332 -0.008421 -0.072516 0.000000 
0.007244 0.999838 -0.016472 0.000000 
0.072643 0.015902 0.997231 0.000000 
-3.668811 0.092587 -11.489388 1.000000 

0.997332 -0.008421 -0.072516 0.000000 
0.007244 0.999838 -0.016472 0.000000 
0.072643 0.015902 0.997231 0.000000 
-3.668811 0.092587 -11.489388 1.000000 

0.268784 0.932844 0.239911 0.000000 
-0.935273 0.312309 -0.166517 0.000000 
-0.230260 -0.179625 0.956407 0.000000 
207.872955 -39.832825 -9.524790 1.000000 

0.308553 0.948898 0.066245 0.000000 
-0.910753 0.314807 -0.267256 0.000000 
-0.274453 0.022130 0.961346 0.000000 
200.124649 -41.248062 22.844715 1.000000 

0.255207 0.966691 -0.019420 0.000000 
-0.962746 0.252206 -0.097528 0.000000 
-0.089382 0.043587 0.995043 0.000000 
212.487778 -39.592690 24.392509 1.000000 

0.184157 0.976982 0.107663 0.000000 
-0.981283 0.189022 -0.036790 0.000000 
-0.056294 -0.098873 0.993507 0.000000 
224.395203 -37.701725 1.580322 1.000000 

0.999450 -0.027839 -0.018046 0.000000 
0.031732 0.643456 0.764825 0.000000 
-0.009680 -0.764977 0.643985 0.000000 
-7.913403 76.023186 -134.401978 1.000000 

0.687384 0.638695 -0.345791 0.000000 
-0.373726 0.719280 0.585633 0.000000 
0.622761 -0.273323 0.733118 0.000000 
63.419609 45.482010 -97.766327 1.000000 

0.789695 -0.592737 0.158254 0.000000 
0.391548 0.685529 0.613792 0.000000 
-0.472305 -0.422744 0.773444 0.000000 
-73.555237 62.323654 -105.716339 1.000000 

0.881833 -0.287276 -0.373956 0.000000 
0.136531 0.914589 -0.380639 0.000000 
0.451365 0.284603 0.845737 0.000000 
8.133295 109.657516 115.638573 1.000000 

0.921849 0.288117 0.259198 0.000000 
-0.187898 0.917220 -0.351286 0.000000 
-0.338953 0.275130 0.899675 0.000000 
0.472429 110.994514 100.133087 1.000000 

0.805535 -0.509173 -0.303076 0.000000 
0.573208 0.799208 0.180829 0.000000 
0.150148 -0.319390 0.935653 0.000000 
-10.517597 -15.852325 34.689560 1.000000 

0.425567 -0.903355 0.053310 0.000000 
0.590961 0.322048 0.739628 0.000000 
-0.685315 -0.283257 0.670901 0.000000 
152.720261 46.371120 18.012466 1.000000 

0.814536 0.486371 0.316187 0.000000 
-0.554394 0.813128 0.177401 0.000000 
-0.170818 -0.319792 0.931963 0.000000 
14.996460 -18.940125 34.422001 1.000000 

0.424935 0.667591 0.611352 0.000000 
-0.583092 -0.314723 0.748968 0.000000 
0.692411 -0.674738 0.255530 0.000000 
-156.477051 73.660492 163.807739 1.000000 

0.946510 0.311743 0.083274 0.000000 
-0.310961 0.950156 -0.022531 0.000000 
-0.086147 -0.004569 0.996272 0.000000 
30.783686 71.214622 20.577103 1.000000 

0.956205 -0.099783 -0.275164 0.000000 
0.079015 0.993193 -0.085583 0.000000 
0.281831 0.060093 0.957580 0.000000 
-23.546482 -18.402613 -44.111488 1.000000 

0.917597 -0.397144 -0.017103 0.000000 
0.393311 0.913298 -0.105795 0.000000 
0.057636 0.090350 0.994241 0.000000 
-57.137470 -69.165588 8.267621 1.000000 

0.837503 -0.296209 0.459182 0.000000 
0.112429 0.915758 0.385677 0.000000 
-0.534741 -0.271380 0.800253 0.000000 
-27.000385 -34.080391 44.572414 1.000000 

0.529452 0.838590 0.128249 0.000000 
-0.823818 0.544324 -0.158227 0.000000 
-0.202496 -0.021881 0.979039 0.000000 
158.572525 -35.908470 8.733284 1.000000 

0.139579 0.946098 0.292260 0.000000 
-0.904853 0.241746 -0.350429 0.000000 
-0.402193 -0.215540 0.889822 0.000000 
224.584290 -38.723061 -7.690720 1.000000 

-0.118045 0.991814 -0.048689 0.000000 
-0.969012 -0.125768 -0.212597 0.000000 
-0.216980 0.022085 0.975926 0.000000 
261.205688 -24.536690 33.764595 1.000000 

-0.123941 0.920660 -0.370166 0.000000 
-0.891920 0.060126 0.448179 0.000000 
0.434877 0.385706 0.813703 0.000000 
256.581604 -27.014805 40.043114 1.000000 

0.688195 0.643952 -0.334237 0.000000 
-0.374418 0.709818 0.596632 0.000000 
0.621450 -0.285455 0.729600 0.000000 
63.630539 48.117958 -100.072960 1.000000 

0.712829 -0.296392 0.635632 0.000000 
0.369780 0.928936 0.018468 0.000000 
-0.595935 0.221879 0.771772 0.000000 
-63.205528 -19.550453 22.260132 1.000000 

0.744023 -0.662499 0.086751 0.000000 
0.234019 0.136774 -0.962563 0.000000 
0.625832 0.736470 0.256800 0.000000 
7.645313 330.482422 171.786499 1.000000 

0.798801 0.588595 -0.124389 0.000000 
-0.274062 0.171973 -0.946211 0.000000 
-0.535544 0.789925 0.298684 0.000000 
-2.842373 318.338562 157.836044 1.000000 

0.965860 0.243946 -0.087206 0.000000 
-0.235167 0.966808 0.099891 0.000000 
0.108679 -0.075973 0.991170 0.000000 
19.855274 56.397903 -31.838076 1.000000 

0.979663 0.057205 -0.192324 0.000000 
-0.055279 0.998353 0.015368 0.000000 
0.192886 -0.004424 0.981211 0.000000 
-1.967548 16.060961 -37.874046 1.000000 

0.930750 -0.365180 0.018632 0.000000 
0.365648 0.929834 -0.041351 0.000000 
-0.002224 0.045300 0.998971 0.000000 
-51.393021 -63.506325 10.040422 1.000000 

0.179076 -0.384200 0.905717 0.000000 
0.343494 0.887082 0.308380 0.000000 
-0.921924 0.255884 0.290825 0.000000 
-153.084900 -65.568130 149.598343 1.000000 

0.563200 0.781903 0.267272 0.000000 
-0.810835 0.585263 -0.003579 0.000000 
-0.159223 -0.214698 0.963614 0.000000 
152.104218 -28.810089 -23.986197 1.000000 

0.382793 0.892976 0.236779 0.000000 
-0.876943 0.431844 -0.210907 0.000000 
-0.290586 -0.126908 0.948396 0.000000 
187.630722 -36.409576 -3.542458 1.000000 

-0.122467 0.986184 -0.111551 0.000000 
-0.983521 -0.135655 -0.119519 0.000000 
-0.133000 0.095076 0.986545 0.000000 
262.777161 -23.075399 37.290710 1.000000 

-0.403353 0.265423 -0.875704 0.000000 
-0.912825 -0.183335 0.364883 0.000000 
-0.063699 0.946540 0.316234 0.000000 
307.774445 71.364441 127.597641 1.000000 

0.432988 -0.787234 0.439073 0.000000 
-0.256680 -0.574615 -0.777132 0.000000 
0.864082 0.223787 -0.450868 0.000000 
153.285873 474.248230 68.253754 1.000000 

0.519639 0.758833 -0.392617 0.000000 
0.229440 -0.566591 -0.791412 0.000000 
-0.823003 0.321166 -0.468529 0.000000 
-147.991074 459.332916 58.382034 1.000000 

0.724418 0.672956 0.149493 0.000000 
-0.689270 0.703580 0.172864 0.000000 
0.011149 -0.228267 0.973535 0.000000 
39.848755 190.851532 7.684235 1.000000 

0.851451 0.291217 -0.436146 0.000000 
-0.256542 0.956641 0.137929 0.000000 
0.457403 -0.005550 0.889242 0.000000 
-13.581318 74.129295 -105.506348 1.000000 

0.954244 -0.298729 0.013411 0.000000 
0.298990 0.953887 -0.026538 0.000000 
-0.004865 0.029334 0.999558 0.000000 
-41.778782 -51.509186 7.903951 1.000000 

-0.324466 -0.384200 0.864357 0.000000 
0.129743 0.887082 0.443004 0.000000 
-0.936957 0.255884 -0.237981 0.000000 
-208.299316 -65.568130 146.610138 1.000000 

0.858013 0.513627 0.000962 0.000000 
-0.513273 0.857488 -0.035561 0.000000 
-0.019090 0.030018 0.999367 0.000000 
82.459885 10.022415 28.221355 1.000000 

0.512335 0.703113 0.493096 0.000000 
-0.773385 0.627369 -0.091014 0.000000 
-0.373346 -0.334724 0.865201 0.000000 
164.797592 -12.673309 -46.339699 1.000000 

-0.094499 0.988101 -0.121353 0.000000 
-0.989574 -0.106543 -0.096915 0.000000 
-0.108691 0.110930 0.987867 0.000000 
260.141937 -24.279242 37.504574 1.000000 

-0.565660 -0.174534 -0.805957 0.000000 
-0.819258 0.230402 0.525101 0.000000 
0.094046 0.957316 -0.273317 0.000000 
317.547974 94.075607 118.664230 1.000000 

0.356693 -0.743562 0.565585 0.000000 
-0.441830 -0.667688 -0.599149 0.000000 
0.823138 -0.036180 -0.566688 0.000000 
198.315247 485.036469 17.287643 1.000000 

0.469648 0.725593 -0.502938 0.000000 
0.405877 -0.683354 -0.606870 0.000000 
-0.784025 0.080884 -0.615437 0.000000 
-188.057404 473.954834 6.068512 1.000000 

