1 0 0 0 
0 1 0 0 
0 0 1 0 
0 0 0 1 

1 0 0 0 
0 1 0 0 
0 0 1 0 
0 0 0 1 

1 0 0 0 
0 1 0 0 
0 0 1 0 
0 0 0 1 

1 0 0 0 
0 1 0 0 
0 0 1 0 
0 0 0 1 

0.917122 -0.369485 0.149561 0 
0.35764 0.928428 0.100571 0 
-0.176016 -0.0387466 0.983624 0 
15.1928 8.55631 -0.920221 1 

0.929259 0.351561 -0.113503 0 
-0.33807 0.933124 0.122427 0 
0.148952 -0.0753941 0.985966 0 
-13.6483 8.69203 0.607059 1 

1 0 0 0 
0 0.998905 -0.0467826 0 
0 0.0467826 0.998905 0 
0 0.0206757 1.10818 1 

0.898017 -0.421519 0.126044 0 
0.400314 0.901696 0.163377 0 
-0.18252 -0.0962579 0.978479 0 
17.8146 11.5632 2.60416 1 

0.893125 0.428295 -0.137448 0 
-0.408599 0.900265 0.150232 0 
0.188084 -0.0780148 0.97905 0 
-18.9131 11.1828 0.664878 1 

1 0 0 0 
0 0.999949 -0.0100966 0 
0 0.0100966 0.999949 0 
0 0.0314234 -1.10971 1 

0.886923 -0.41379 -0.205292 0 
0.455447 0.709265 0.538062 0 
-0.0770385 -0.57072 0.817523 0 
17.323 19.1163 47.4707 1 

0.898997 0.374006 0.227869 0 
-0.43541 0.707259 0.556959 0 
0.0471434 -0.599921 0.798669 0 
-14.5766 18.0349 49.5361 1 

1 0 0 0 
0 0.999949 -0.0100966 0 
0 0.0100966 0.999949 0 
0 0.0314234 -1.10971 1 

1 0 0 0 
0 0.999949 -0.0100966 0 
0 0.0100966 0.999949 0 
0 0.0314234 -1.10971 1 

1 0 0 0 
0 0.999949 -0.0100966 0 
0 0.0100966 0.999949 0 
0 0.0314234 -1.10971 1 

0.839646 -0.4272 -0.335402 0 
0.536617 0.557117 0.633769 0 
-0.0838876 -0.712124 0.697024 0 
25.2354 21.042 69.0138 1 

0.817459 0.462128 0.343801 0 
-0.567785 0.546156 0.615901 0 
0.0968557 -0.698679 0.708849 0 
-29.6887 24.1655 66.6869 1 

0.968465 -0.128703 0.213333 0 
0.13379 0.990964 -0.00952231 0 
-0.21018 0.0377639 0.976933 0 
-15.8507 -5.78185 10.0451 1 

0.970911 0.140249 -0.194066 0 
-0.144807 0.989415 -0.00943241 0 
0.190689 0.0372602 0.980943 0 
17.1718 -6.29411 9.14417 1 

0.99867 0.0503672 0.0110418 0 
-0.051298 0.992179 0.113795 0 
-0.00522394 -0.11421 0.993443 0 
7.99974 2.57936 -20.2233 1 

0.843352 -0.452348 -0.290067 0 
0.529389 0.606759 0.59295 0 
-0.092219 -0.653624 0.75118 0 
25.1406 21.5769 59.2562 1 

0.86484 0.40405 0.297985 0 
-0.498236 0.617747 0.608399 0 
0.0617438 -0.674635 0.735565 0 
-20.029 19.2326 59.9779 1 

0.99812 0.0329636 0.0516663 0 
-0.0320777 0.999325 -0.0178838 0 
-0.0522209 0.0161928 0.998504 0 
3.14112 5.76927 -1.50598 1 

0.997702 -0.0299774 -0.0607544 0 
0.028874 0.999403 -0.0189584 0 
0.0612864 0.0171606 0.997973 0 
-2.94133 5.73301 -0.0977011 1 

0.999576 -0.00211715 -0.0290353 0 
0.02086 0.747792 0.663606 0 
0.0203074 -0.66393 0.747519 0 
-5.00864 52.2595 -113.995 1 

0.733869 -0.647694 -0.204763 0 
0.655296 0.595609 0.464583 0 
-0.17895 -0.475124 0.86153 0 
49.215 29.7423 36.0331 1 

0.732929 0.649927 0.201022 0 
-0.656799 0.599004 0.458049 0 
0.177286 -0.467748 0.865899 0 
-50.1452 29.5049 32.9088 1 

0.969733 -0.00401073 -0.244134 0 
0.0008163 0.999913 -0.0131845 0 
0.244165 0.0125862 0.969652 0 
-7.97789 1.93101 -32.2126 1 

0.965188 -0.0310554 0.259708 0 
0.0340747 0.999394 -0.00713087 0 
-0.259329 0.0157321 0.965661 0 
4.39243 5.86636 -34.2866 1 

0.999576 -0.00211715 -0.0290353 0 
0.02086 0.747792 0.663606 0 
0.0203074 -0.66393 0.747519 0 
-5.00864 52.2595 -113.995 1 

0.999576 -0.00211715 -0.0290353 0 
0.02086 0.747792 0.663606 0 
0.0203074 -0.66393 0.747519 0 
-5.00864 52.2595 -113.995 1 

0.999576 -0.00211715 -0.0290353 0 
0.02086 0.747792 0.663606 0 
0.0203074 -0.66393 0.747519 0 
-5.00864 52.2595 -113.995 1 

0.733869 -0.647694 -0.204763 0 
0.655296 0.595609 0.464583 0 
-0.17895 -0.475124 0.86153 0 
49.215 29.7423 36.0331 1 

0.733869 -0.647694 -0.204763 0 
0.655296 0.595609 0.464583 0 
-0.17895 -0.475124 0.86153 0 
49.215 29.7423 36.0331 1 

0.733869 -0.647694 -0.204763 0 
0.655296 0.595609 0.464583 0 
-0.17895 -0.475124 0.86153 0 
49.215 29.7423 36.0331 1 

0.732929 0.649927 0.201022 0 
-0.656799 0.599004 0.458049 0 
0.177286 -0.467748 0.865899 0 
-50.1452 29.5049 32.9088 1 

0.732929 0.649927 0.201022 0 
-0.656799 0.599004 0.458049 0 
0.177286 -0.467748 0.865899 0 
-50.1452 29.5049 32.9088 1 

0.732929 0.649927 0.201022 0 
-0.656799 0.599004 0.458049 0 
0.177286 -0.467748 0.865899 0 
-50.1452 29.5049 32.9088 1 

0.999349 0.0328997 -0.0148022 0 
-0.033114 0.999347 -0.0144688 0 
0.0143166 0.0149495 0.999786 0 
2.0062 6.77709 -2.50943 1 

0.999721 -0.0173381 0.0160677 0 
0.0176383 0.999669 -0.0187349 0 
-0.0157376 0.019013 0.999695 0 
-0.243422 4.00906 -1.28237 1 

0.996527 -0.0811961 0.0184808 0 
0.0361459 0.621705 0.782417 0 
-0.0750188 -0.779032 0.62248 0 
-6.78194 81.9463 -138.068 1 

0.977226 0.0954675 0.189514 0 
-0.212168 0.455434 0.864618 0 
-0.00376805 -0.885136 0.465317 0 
41.9017 105.066 -164.052 1 

0.975244 0.0336234 -0.218561 0 
0.185625 0.412672 0.891765 0 
0.120178 -0.910259 0.396214 0 
-35.9195 114.017 -169.417 1 

0.687304 -0.725843 -0.0276714 0 
0.673403 0.622442 0.398866 0 
-0.27229 -0.292776 0.916592 0 
64.333 28.8854 1.7439 1 

0.728062 -0.678794 -0.09573 0 
0.679619 0.696461 0.230346 0 
-0.0896853 -0.232766 0.968389 0 
43.2962 17.6658 -1.2614 1 

0.733869 -0.647694 -0.204763 0 
0.655296 0.595609 0.464583 0 
-0.17895 -0.475124 0.86153 0 
49.215 29.7423 36.0331 1 

0.733869 -0.647694 -0.204763 0 
0.655296 0.595609 0.464583 0 
-0.17895 -0.475124 0.86153 0 
49.215 29.7423 36.0331 1 

0.688346 0.724052 -0.0439166 0 
-0.655854 0.647091 0.388753 0 
0.309895 -0.238793 0.920295 0 
-67.8122 24.0143 -11.8567 1 

0.739012 0.651082 0.173071 0 
-0.652508 0.627836 0.424329 0 
0.167612 -0.426514 0.888815 0 
-48.1089 27.0396 24.9782 1 

0.732929 0.649927 0.201022 0 
-0.656799 0.599004 0.458049 0 
0.177286 -0.467748 0.865899 0 
-50.1452 29.5049 32.9088 1 

0.732929 0.649927 0.201022 0 
-0.656799 0.599004 0.458049 0 
0.177286 -0.467748 0.865899 0 
-50.1452 29.5049 32.9088 1 

0.997332 -0.00842063 -0.0725161 0 
0.00724413 0.999838 -0.0164716 0 
0.0726431 0.0159023 0.997231 0 
-3.66881 0.0925865 -11.4894 1 

0.99424 0.036291 0.100848 0 
-0.0343053 0.999183 -0.0213564 0 
-0.101541 0.0177738 0.994673 0 
7.53351 -4.54086 -14.5525 1 

0.996527 -0.0811961 0.0184808 0 
0.0361459 0.621705 0.782417 0 
-0.0750188 -0.779032 0.62248 0 
-6.78194 81.9463 -138.068 1 

0.996527 -0.0811961 0.0184808 0 
0.0361459 0.621705 0.782417 0 
-0.0750188 -0.779032 0.62248 0 
-6.78194 81.9463 -138.068 1 

0.996527 -0.0811961 0.0184808 0 
0.0361459 0.621705 0.782417 0 
-0.0750188 -0.779032 0.62248 0 
-6.78194 81.9463 -138.068 1 

0.9876 0.121804 -0.0990443 0 
-0.0498192 0.841444 0.538043 0 
0.148876 -0.526437 0.837078 0 
18.4466 49.0388 -75.306 1 

0.998809 -0.0479243 0.00914049 0 
0.03307 0.802778 0.595361 0 
-0.03587 -0.59435 0.803407 0 
-15.4398 56.9947 -89.8699 1 

0.811835 -0.491871 -0.314622 0 
0.564787 0.524828 0.636845 0 
-0.148123 -0.694707 0.703876 0 
32.241 33.7152 75.3443 1 

0.528595 -0.846163 -0.0677876 0 
0.636318 0.342115 0.691417 0 
-0.56186 -0.408614 0.719269 0 
122.273 51.6758 31.6411 1 

0.82838 0.45589 0.3255 0 
-0.544511 0.51892 0.658961 0 
0.131505 -0.723109 0.6781 0 
-28.3228 33.9635 79.316 1 

0.534899 0.844552 0.0248078 0 
-0.635722 0.382949 0.67023 0 
0.556543 -0.374276 0.741739 0 
-122.858 47.1023 21.5432 1 

0.997332 -0.00842063 -0.0725161 0 
0.00724413 0.999838 -0.0164716 0 
0.0726431 0.0159023 0.997231 0 
-3.66881 0.0925865 -11.4894 1 

0.997332 -0.00842063 -0.0725161 0 
0.00724413 0.999838 -0.0164716 0 
0.0726431 0.0159023 0.997231 0 
-3.66881 0.0925865 -11.4894 1 

0.997332 -0.00842063 -0.0725161 0 
0.00724413 0.999838 -0.0164716 0 
0.0726431 0.0159023 0.997231 0 
-3.66881 0.0925865 -11.4894 1 

0.997332 -0.00842063 -0.0725161 0 
0.00724413 0.999838 -0.0164716 0 
0.0726431 0.0159023 0.997231 0 
-3.66881 0.0925865 -11.4894 1 

0.99424 0.036291 0.100848 0 
-0.0343053 0.999183 -0.0213564 0 
-0.101541 0.0177738 0.994673 0 
7.53351 -4.54086 -14.5525 1 

0.99424 0.036291 0.100848 0 
-0.0343053 0.999183 -0.0213564 0 
-0.101541 0.0177738 0.994673 0 
7.53351 -4.54086 -14.5525 1 

0.99424 0.036291 0.100848 0 
-0.0343053 0.999183 -0.0213564 0 
-0.101541 0.0177738 0.994673 0 
7.53351 -4.54086 -14.5525 1 

0.99424 0.036291 0.100848 0 
-0.0343053 0.999183 -0.0213564 0 
-0.101541 0.0177738 0.994673 0 
7.53351 -4.54086 -14.5525 1 

0.99945 -0.0278391 -0.0180456 0 
0.0317325 0.643456 0.764825 0 
-0.00968044 -0.764977 0.643985 0 
-7.9134 76.0232 -134.402 1 

0.687384 0.638695 -0.345791 0 
-0.373726 0.71928 0.585633 0 
0.622761 -0.273323 0.733118 0 
63.4196 45.482 -97.7663 1 

0.789695 -0.592737 0.158254 0 
0.391548 0.685529 0.613792 0 
-0.472305 -0.422744 0.773444 0 
-73.5552 62.3237 -105.716 1 

0.881833 -0.287276 -0.373956 0 
0.136531 0.914589 -0.380639 0 
0.451365 0.284603 0.845737 0 
8.1333 109.658 115.639 1 

0.921849 0.288117 0.259198 0 
-0.187898 0.91722 -0.351286 0 
-0.338953 0.27513 0.899675 0 
0.472429 110.995 100.133 1 

0.805535 -0.509173 -0.303076 0 
0.573208 0.799208 0.180829 0 
0.150148 -0.31939 0.935653 0 
-10.5176 -15.8523 34.6896 1 

0.425567 -0.903355 0.0533103 0 
0.590961 0.322048 0.739628 0 
-0.685315 -0.283257 0.670901 0 
152.72 46.3711 18.0125 1 

0.814536 0.486371 0.316187 0 
-0.554394 0.813128 0.177401 0 
-0.170818 -0.319792 0.931963 0 
14.9965 -18.9401 34.422 1 

0.424935 0.667591 0.611352 0 
-0.583092 -0.314723 0.748968 0 
0.692411 -0.674738 0.25553 0 
-156.477 73.6605 163.808 1 

0.94651 0.311743 0.0832741 0 
-0.310961 0.950156 -0.0225307 0 
-0.0861471 -0.00456945 0.996272 0 
30.7837 71.2146 20.5771 1 

0.956205 -0.099783 -0.275164 0 
0.0790147 0.993193 -0.0855834 0 
0.281831 0.0600932 0.95758 0 
-23.5465 -18.4026 -44.1115 1 

0.917597 -0.397144 -0.0171029 0 
0.393311 0.913298 -0.105795 0 
0.0576357 0.0903499 0.994241 0 
-57.1375 -69.1656 8.26762 1 

0.837503 -0.296209 0.459182 0 
0.112429 0.915758 0.385677 0 
-0.534741 -0.27138 0.800253 0 
-27.0004 -34.0804 44.5724 1 

0.97015 -0.242212 -0.0119651 0 
0.242178 0.970223 -0.00418889 0 
0.0126234 0.0011661 0.99992 0 
-25.1439 55.7487 5.94397 1 

0.927424 0.199319 0.316476 0 
-0.163072 0.976994 -0.13744 0 
-0.33659 0.0758565 0.938591 0 
38.4388 -35.9611 -44.7681 1 

0.908154 0.413058 0.0681056 0 
-0.401597 0.905527 -0.136895 0 
-0.118217 0.0969703 0.988242 0 
60.2188 -70.5134 3.14834 1 

0.857393 0.326407 -0.397914 0 
-0.134793 0.888584 0.438462 0 
0.496697 -0.322299 0.805863 0 
28.0464 -35.8687 29.1731 1 

0.688195 0.643952 -0.334237 0 
-0.374418 0.709818 0.596632 0 
0.62145 -0.285455 0.7296 0 
63.6305 48.118 -100.073 1 

0.712829 -0.296392 0.635632 0 
0.36978 0.928936 0.0184681 0 
-0.595935 0.221879 0.771772 0 
-63.2055 -19.5505 22.2601 1 

0.744023 -0.662499 0.0867507 0 
0.234019 0.136774 -0.962563 0 
0.625832 0.73647 0.2568 0 
7.64531 330.482 171.786 1 

0.798801 0.588595 -0.124389 0 
-0.274062 0.171973 -0.946211 0 
-0.535544 0.789925 0.298684 0 
-2.84237 318.339 157.836 1 

0.96586 0.243946 -0.0872058 0 
-0.235167 0.966808 0.0998908 0 
0.108679 -0.0759726 0.99117 0 
19.8553 56.3979 -31.8381 1 

0.979663 0.0572047 -0.192324 0 
-0.0552791 0.998353 0.0153681 0 
0.192886 -0.00442412 0.981211 0 
-1.96755 16.061 -37.874 1 

0.93075 -0.36518 0.0186316 0 
0.365648 0.929834 -0.0413514 0 
-0.00222355 0.0453004 0.998971 0 
-51.393 -63.5063 10.0404 1 

0.179076 -0.3842 0.905717 0 
0.343494 0.887082 0.30838 0 
-0.921924 0.255884 0.290825 0 
-153.085 -65.5681 149.598 1 

0.950781 -0.277303 0.138274 0 
0.258572 0.955923 0.139111 0 
-0.170755 -0.0965101 0.980576 0 
-20.4563 66.6552 -45.2543 1 

0.960413 -0.0512977 0.273817 0 
0.0487051 0.998681 0.0162628 0 
-0.27429 -0.0022828 0.961645 0 
7.67776 16.8285 -52.4253 1 

0.912746 0.408446 0.0081128 0 
-0.407789 0.912111 -0.0419678 0 
-0.0245413 0.0349976 0.999086 0 
59.0089 -69.6034 7.22211 1 

0.160055 0.417036 -0.894686 0 
-0.40405 0.854641 0.326087 0 
0.900625 0.309306 0.305293 0 
167.283 -70.2947 147.181 1 

0.432988 -0.787234 0.439073 0 
-0.25668 -0.574615 -0.777132 0 
0.864082 0.223787 -0.450868 0 
153.286 474.248 68.2538 1 

0.519639 0.758833 -0.392617 0 
0.22944 -0.566591 -0.791412 0 
-0.823003 0.321166 -0.468529 0 
-147.991 459.333 58.382 1 

0.724418 0.672956 0.149493 0 
-0.68927 0.70358 0.172864 0 
0.0111493 -0.228267 0.973535 0 
39.8488 190.852 7.68423 1 

0.851451 0.291217 -0.436146 0 
-0.256542 0.956641 0.137929 0 
0.457403 -0.00554973 0.889242 0 
-13.5813 74.1293 -105.506 1 

0.954244 -0.298729 0.0134112 0 
0.29899 0.953887 -0.0265381 0 
-0.00486498 0.0293336 0.999558 0 
-41.7788 -51.5092 7.90395 1 

-0.324466 -0.3842 0.864357 0 
0.129743 0.887082 0.443004 0 
-0.936957 0.255884 -0.237981 0 
-208.299 -65.5681 146.61 1 

0.761166 -0.634984 -0.131995 0 
0.648278 0.750889 0.1261 0 
0.0190419 -0.181553 0.983197 0 
-41.3042 175.991 14.9209 1 

0.815007 -0.22811 0.532663 0 
0.21298 0.972834 0.0907371 0 
-0.53889 0.0394953 0.84145 0 
26.1625 59.6489 -118.416 1 

0.924972 0.380033 -0.00118685 0 
-0.379985 0.924795 -0.0191263 0 
-0.00617105 0.0181422 0.999816 0 
54.4208 -64.6224 7.47863 1 

-0.327296 0.455987 -0.827619 0 
-0.00254145 0.875432 0.483335 0 
0.944919 0.160297 -0.285367 0 
197.132 -73.7823 138.645 1 

0.356693 -0.743562 0.565585 0 
-0.44183 -0.667688 -0.599149 0 
0.823138 -0.0361802 -0.566688 0 
198.315 485.036 17.2876 1 

0.469648 0.725593 -0.502938 0 
0.405877 -0.683354 -0.60687 0 
-0.784025 0.0808843 -0.615437 0 
-188.057 473.955 6.06851 1 

