1.000000 0.000000 0.000000 0.000000 
0.000000 1.000000 0.000000 0.000000 
0.000000 0.000000 1.000000 0.000000 
0.000000 0.000000 0.000000 1.000000 

1.000000 0.000000 0.000000 0.000000 
0.000000 1.000000 0.000000 0.000000 
0.000000 0.000000 1.000000 0.000000 
0.000000 0.000000 0.000000 1.000000 

1.000000 0.000000 0.000000 0.000000 
0.000000 1.000000 0.000000 0.000000 
0.000000 0.000000 1.000000 0.000000 
0.000000 0.000000 0.000000 1.000000 

1.000000 0.000000 0.000000 0.000000 
0.000000 1.000000 0.000000 0.000000 
0.000000 0.000000 1.000000 0.000000 
0.000000 0.000000 0.000000 1.000000 

0.917122 -0.369485 0.149561 0.000000 
0.357639 0.928429 0.100571 0.000000 
-0.176016 -0.038747 0.983624 0.000000 
15.192822 8.556305 -0.920223 1.000000 

0.929259 0.351560 -0.113503 0.000000 
-0.338069 0.933124 0.122426 0.000000 
0.148952 -0.075394 0.985966 0.000000 
-13.648268 8.692017 0.607058 1.000000 

1.000000 0.000000 0.000000 0.000000 
0.000000 0.998905 -0.046783 0.000000 
0.000000 0.046783 0.998905 0.000000 
0.000000 0.020676 1.108180 1.000000 

0.898017 -0.421518 0.126044 0.000000 
0.400314 0.901697 0.163376 0.000000 
-0.182519 -0.096258 0.978479 0.000000 
18.034050 11.165415 2.945908 1.000000 

0.893125 0.428294 -0.137448 0.000000 
-0.408599 0.900265 0.150232 0.000000 
0.188083 -0.078015 0.979050 0.000000 
-19.275036 10.501177 1.016944 1.000000 

1.000000 0.000000 0.000000 0.000000 
0.000000 0.999949 -0.010097 0.000000 
0.000000 0.010097 0.999949 0.000000 
0.000000 -0.031717 -1.109703 1.000000 

0.886924 -0.413789 -0.205291 0.000000 
0.455446 0.709266 0.538062 0.000000 
-0.077038 -0.570719 0.817524 0.000000 
17.953655 17.276024 50.546021 1.000000 

0.898997 0.374006 0.227869 0.000000 
-0.435410 0.707259 0.556959 0.000000 
0.047143 -0.599921 0.798669 0.000000 
-15.041574 16.343861 52.712543 1.000000 

1.000000 0.000000 0.000000 0.000000 
0.000000 0.999949 -0.010097 0.000000 
0.000000 0.010097 0.999949 0.000000 
0.000000 -0.031717 -1.109703 1.000000 

1.000000 0.000000 0.000000 0.000000 
0.000000 0.999949 -0.010097 0.000000 
0.000000 0.010097 0.999949 0.000000 
0.000000 -0.031717 -1.109703 1.000000 

1.000000 0.000000 0.000000 0.000000 
0.000000 0.999949 -0.010097 0.000000 
0.000000 0.010097 0.999949 0.000000 
0.000000 -0.031717 -1.109703 1.000000 

0.839647 -0.427200 -0.335401 0.000000 
0.536616 0.557119 0.633768 0.000000 
-0.083887 -0.712123 0.697025 0.000000 
27.856487 13.501298 73.000504 1.000000 

0.817459 0.462127 0.343801 0.000000 
-0.567785 0.546156 0.615901 0.000000 
0.096856 -0.698679 0.708849 0.000000 
-33.244331 15.378507 69.822403 1.000000 

0.968465 -0.128703 0.213332 0.000000 
0.133790 0.990964 -0.009522 0.000000 
-0.210178 0.037764 0.976933 0.000000 
-16.338816 -5.781443 9.992765 1.000000 

0.970911 0.140249 -0.194065 0.000000 
-0.144807 0.989415 -0.009432 0.000000 
0.190688 0.037260 0.980943 0.000000 
17.616516 -6.294722 9.100853 1.000000 

0.998670 0.050367 0.011042 0.000000 
-0.051298 0.992179 0.113795 0.000000 
-0.005224 -0.114210 0.993443 0.000000 
7.992499 2.184879 -20.257010 1.000000 

0.843353 -0.452348 -0.290065 0.000000 
0.529388 0.606761 0.592949 0.000000 
-0.092219 -0.653623 0.751181 0.000000 
27.360422 16.808916 62.287987 1.000000 

0.864841 0.404048 0.297985 0.000000 
-0.498234 0.617749 0.608399 0.000000 
0.061743 -0.674634 0.735565 0.000000 
-20.909807 15.459927 63.686157 1.000000 

0.998120 0.032964 0.051665 0.000000 
-0.032078 0.999325 -0.017884 0.000000 
-0.052220 0.016193 0.998504 0.000000 
4.419807 5.734160 -1.522834 1.000000 

0.997703 -0.029977 -0.060753 0.000000 
0.028874 0.999403 -0.018958 0.000000 
0.061285 0.017160 0.997973 0.000000 
-4.028252 5.696314 -0.097828 1.000000 

0.999576 -0.002117 -0.029036 0.000000 
0.020860 0.747792 0.663605 0.000000 
0.020308 -0.663930 0.747519 0.000000 
-4.998121 51.627174 -114.061668 1.000000 

0.733870 -0.647694 -0.204761 0.000000 
0.655295 0.595610 0.464582 0.000000 
-0.178949 -0.475122 0.861531 0.000000 
57.144894 23.217939 33.082687 1.000000 

0.732929 0.649927 0.201021 0.000000 
-0.656799 0.599005 0.458049 0.000000 
0.177286 -0.467748 0.865899 0.000000 
-58.376358 23.631207 29.515434 1.000000 

0.969733 -0.004011 -0.244134 0.000000 
0.000817 0.999913 -0.013185 0.000000 
0.244165 0.012586 0.969652 0.000000 
-4.171359 1.821287 -32.825806 1.000000 

0.965187 -0.031055 0.259709 0.000000 
0.034075 0.999394 -0.007131 0.000000 
-0.259330 0.015732 0.965661 0.000000 
0.564879 5.818488 -34.913094 1.000000 

0.999576 -0.002117 -0.029036 0.000000 
0.020860 0.747792 0.663605 0.000000 
0.020308 -0.663930 0.747519 0.000000 
-4.998121 51.627174 -114.061668 1.000000 

0.999576 -0.002117 -0.029036 0.000000 
0.020860 0.747792 0.663605 0.000000 
0.020308 -0.663930 0.747519 0.000000 
-4.998121 51.627174 -114.061668 1.000000 

0.999576 -0.002117 -0.029036 0.000000 
0.020860 0.747792 0.663605 0.000000 
0.020308 -0.663930 0.747519 0.000000 
-4.998121 51.627174 -114.061668 1.000000 

0.733870 -0.647694 -0.204761 0.000000 
0.655295 0.595610 0.464582 0.000000 
-0.178949 -0.475122 0.861531 0.000000 
57.144894 23.217939 33.082687 1.000000 

0.733870 -0.647694 -0.204761 0.000000 
0.655295 0.595610 0.464582 0.000000 
-0.178949 -0.475122 0.861531 0.000000 
57.144894 23.217939 33.082687 1.000000 

0.733870 -0.647694 -0.204761 0.000000 
0.655295 0.595610 0.464582 0.000000 
-0.178949 -0.475122 0.861531 0.000000 
57.144894 23.217939 33.082687 1.000000 

0.732929 0.649927 0.201021 0.000000 
-0.656799 0.599005 0.458049 0.000000 
0.177286 -0.467748 0.865899 0.000000 
-58.376358 23.631207 29.515434 1.000000 

0.732929 0.649927 0.201021 0.000000 
-0.656799 0.599005 0.458049 0.000000 
0.177286 -0.467748 0.865899 0.000000 
-58.376358 23.631207 29.515434 1.000000 

0.732929 0.649927 0.201021 0.000000 
-0.656799 0.599005 0.458049 0.000000 
0.177286 -0.467748 0.865899 0.000000 
-58.376358 23.631207 29.515434 1.000000 

0.999349 0.032899 -0.014803 0.000000 
-0.033113 0.999347 -0.014469 0.000000 
0.014317 0.014950 0.999786 0.000000 
5.429574 6.732405 -2.689558 1.000000 

0.999721 -0.017338 0.016068 0.000000 
0.017638 0.999669 -0.018735 0.000000 
-0.015738 0.019013 0.999695 0.000000 
-3.767768 3.942689 -1.442696 1.000000 

0.996527 -0.081197 0.018481 0.000000 
0.036146 0.621705 0.782417 0.000000 
-0.075019 -0.779031 0.622481 0.000000 
-3.984345 82.670609 -133.106354 1.000000 

0.977226 0.095468 0.189514 0.000000 
-0.212168 0.455435 0.864618 0.000000 
-0.003767 -0.885136 0.465318 0.000000 
46.397285 115.174133 -159.876587 1.000000 

0.975244 0.033623 -0.218562 0.000000 
0.185626 0.412672 0.891765 0.000000 
0.120178 -0.910259 0.396214 0.000000 
-41.261078 125.335388 -164.819427 1.000000 

0.687305 -0.725841 -0.027672 0.000000 
0.673402 0.622444 0.398866 0.000000 
-0.272289 -0.292777 0.916592 0.000000 
71.139084 26.704773 -2.444607 1.000000 

0.728063 -0.678794 -0.095730 0.000000 
0.679618 0.696462 0.230347 0.000000 
-0.089686 -0.232767 0.968388 0.000000 
56.020512 26.972553 -19.760952 1.000000 

0.733870 -0.647694 -0.204761 0.000000 
0.655295 0.595610 0.464582 0.000000 
-0.178949 -0.475122 0.861531 0.000000 
57.144894 23.217939 33.082687 1.000000 

0.733870 -0.647694 -0.204761 0.000000 
0.655295 0.595610 0.464582 0.000000 
-0.178949 -0.475122 0.861531 0.000000 
57.144894 23.217939 33.082687 1.000000 

0.688345 0.724052 -0.043916 0.000000 
-0.655855 0.647091 0.388752 0.000000 
0.309895 -0.238793 0.920295 0.000000 
-72.109146 26.128908 -15.429495 1.000000 

0.739012 0.651082 0.173069 0.000000 
-0.652509 0.627839 0.424325 0.000000 
0.167611 -0.426510 0.888817 0.000000 
-56.431713 25.212221 19.974028 1.000000 

0.732929 0.649927 0.201021 0.000000 
-0.656799 0.599005 0.458049 0.000000 
0.177286 -0.467748 0.865899 0.000000 
-58.376358 23.631207 29.515434 1.000000 

0.732929 0.649927 0.201021 0.000000 
-0.656799 0.599005 0.458049 0.000000 
0.177286 -0.467748 0.865899 0.000000 
-58.376358 23.631207 29.515434 1.000000 

0.997331 -0.008423 -0.072519 0.000000 
0.007247 0.999838 -0.016472 0.000000 
0.072646 0.015902 0.997231 0.000000 
-0.206367 -0.017826 -11.764148 1.000000 

0.994240 0.036291 0.100849 0.000000 
-0.034305 0.999183 -0.021356 0.000000 
-0.101541 0.017774 0.994673 0.000000 
4.011164 -4.695545 -14.852705 1.000000 

0.996527 -0.081197 0.018481 0.000000 
0.036146 0.621705 0.782417 0.000000 
-0.075019 -0.779031 0.622481 0.000000 
-3.984345 82.670609 -133.106354 1.000000 

0.996527 -0.081197 0.018481 0.000000 
0.036146 0.621705 0.782417 0.000000 
-0.075019 -0.779031 0.622481 0.000000 
-3.984345 82.670609 -133.106354 1.000000 

0.996527 -0.081197 0.018481 0.000000 
0.036146 0.621705 0.782417 0.000000 
-0.075019 -0.779031 0.622481 0.000000 
-3.984345 82.670609 -133.106354 1.000000 

0.987600 0.121805 -0.099045 0.000000 
-0.049819 0.841444 0.538043 0.000000 
0.148877 -0.526437 0.837078 0.000000 
10.022442 28.564598 -67.032349 1.000000 

0.998809 -0.047925 0.009140 0.000000 
0.033071 0.802778 0.595360 0.000000 
-0.035871 -0.594349 0.803407 0.000000 
-7.948590 37.845421 -80.399231 1.000000 

0.811836 -0.491870 -0.314621 0.000000 
0.564786 0.524830 0.636844 0.000000 
-0.148122 -0.694707 0.703877 0.000000 
32.212704 18.378193 86.488487 1.000000 

0.528595 -0.846163 -0.067787 0.000000 
0.636318 0.342116 0.691416 0.000000 
-0.561860 -0.408614 0.719270 0.000000 
122.453209 13.719895 55.665619 1.000000 

0.828380 0.455890 0.325500 0.000000 
-0.544511 0.518920 0.658961 0.000000 
0.131506 -0.723109 0.678100 0.000000 
-26.779057 17.714237 92.161003 1.000000 

0.534899 0.844552 0.024807 0.000000 
-0.635722 0.382949 0.670230 0.000000 
0.556544 -0.374276 0.741739 0.000000 
-122.467781 14.811157 43.589958 1.000000 

0.997331 -0.008423 -0.072519 0.000000 
0.007247 0.999838 -0.016472 0.000000 
0.072646 0.015902 0.997231 0.000000 
-0.206367 -0.017826 -11.764148 1.000000 

0.997331 -0.008423 -0.072519 0.000000 
0.007247 0.999838 -0.016472 0.000000 
0.072646 0.015902 0.997231 0.000000 
-0.206367 -0.017826 -11.764148 1.000000 

0.997331 -0.008423 -0.072519 0.000000 
0.007247 0.999838 -0.016472 0.000000 
0.072646 0.015902 0.997231 0.000000 
-0.206367 -0.017826 -11.764148 1.000000 

0.997331 -0.008423 -0.072519 0.000000 
0.007247 0.999838 -0.016472 0.000000 
0.072646 0.015902 0.997231 0.000000 
-0.206367 -0.017826 -11.764148 1.000000 

0.994240 0.036291 0.100849 0.000000 
-0.034305 0.999183 -0.021356 0.000000 
-0.101541 0.017774 0.994673 0.000000 
4.011164 -4.695545 -14.852705 1.000000 

0.994240 0.036291 0.100849 0.000000 
-0.034305 0.999183 -0.021356 0.000000 
-0.101541 0.017774 0.994673 0.000000 
4.011164 -4.695545 -14.852705 1.000000 

0.994240 0.036291 0.100849 0.000000 
-0.034305 0.999183 -0.021356 0.000000 
-0.101541 0.017774 0.994673 0.000000 
4.011164 -4.695545 -14.852705 1.000000 

0.994240 0.036291 0.100849 0.000000 
-0.034305 0.999183 -0.021356 0.000000 
-0.101541 0.017774 0.994673 0.000000 
4.011164 -4.695545 -14.852705 1.000000 

0.999450 -0.027839 -0.018046 0.000000 
0.031733 0.643456 0.764825 0.000000 
-0.009680 -0.764977 0.643985 0.000000 
-7.633123 77.027084 -130.852814 1.000000 

0.687385 0.638694 -0.345792 0.000000 
-0.373726 0.719280 0.585632 0.000000 
0.622761 -0.273323 0.733119 0.000000 
33.070869 35.006313 -102.342979 1.000000 

0.789696 -0.592736 0.158254 0.000000 
0.391547 0.685529 0.613792 0.000000 
-0.472304 -0.422745 0.773444 0.000000 
-48.570778 53.899319 -110.129150 1.000000 

0.881833 -0.287276 -0.373957 0.000000 
0.136530 0.914589 -0.380640 0.000000 
0.451365 0.284604 0.845736 0.000000 
-22.808128 54.363770 178.630981 1.000000 

0.921849 0.288116 0.259198 0.000000 
-0.187897 0.917220 -0.351286 0.000000 
-0.338953 0.275130 0.899675 0.000000 
32.860111 55.816837 170.978165 1.000000 

0.805537 -0.509172 -0.303076 0.000000 
0.573207 0.799209 0.180828 0.000000 
0.150148 -0.319389 0.935653 0.000000 
-3.673080 12.271103 -9.871376 1.000000 

0.425568 -0.903355 0.053311 0.000000 
0.590962 0.322049 0.739627 0.000000 
-0.685315 -0.283257 0.670902 0.000000 
147.969681 5.071074 48.438576 1.000000 

0.814536 0.486371 0.316186 0.000000 
-0.554394 0.813128 0.177401 0.000000 
-0.170817 -0.319791 0.931963 0.000000 
8.935364 11.920547 -10.781067 1.000000 

0.424935 0.667592 0.611352 0.000000 
-0.583092 -0.314724 0.748968 0.000000 
0.692412 -0.674737 0.255530 0.000000 
-149.805710 -53.828533 200.733795 1.000000 

0.946511 0.311740 0.083271 0.000000 
-0.310959 0.950156 -0.022531 0.000000 
-0.086144 -0.004568 0.996272 0.000000 
34.973610 71.533485 20.467031 1.000000 

0.956204 -0.099786 -0.275168 0.000000 
0.079017 0.993193 -0.085584 0.000000 
0.281835 0.060093 0.957579 0.000000 
-20.552401 -18.663509 -44.428757 1.000000 

0.917596 -0.397146 -0.017107 0.000000 
0.393313 0.913297 -0.105796 0.000000 
0.057641 0.090350 0.994241 0.000000 
-54.527496 -69.778191 8.252950 1.000000 

0.837505 -0.296211 0.459179 0.000000 
0.112433 0.915758 0.385676 0.000000 
-0.534738 -0.271379 0.800255 0.000000 
-23.993759 -34.185635 43.542847 1.000000 

0.970150 -0.242212 -0.011964 0.000000 
0.242179 0.970223 -0.004189 0.000000 
0.012623 0.001166 0.999920 0.000000 
-29.796280 55.898930 5.647414 1.000000 

0.927423 0.199320 0.316478 0.000000 
-0.163073 0.976994 -0.137441 0.000000 
-0.336592 0.075856 0.938590 0.000000 
36.221939 -36.470329 -44.807312 1.000000 

0.908154 0.413059 0.068108 0.000000 
-0.401597 0.905527 -0.136896 0.000000 
-0.118220 0.096971 0.988241 0.000000 
57.927673 -71.484360 3.251312 1.000000 

0.857393 0.326407 -0.397913 0.000000 
-0.134794 0.888585 0.438460 0.000000 
0.496696 -0.322297 0.805865 0.000000 
23.979742 -35.271042 27.914139 1.000000 

0.688195 0.643951 -0.334237 0.000000 
-0.374417 0.709819 0.596631 0.000000 
0.621449 -0.285455 0.729600 0.000000 
33.299767 37.702782 -104.157379 1.000000 

0.712829 -0.296392 0.635631 0.000000 
0.369780 0.928936 0.018469 0.000000 
-0.595935 0.221878 0.771772 0.000000 
-35.344913 -38.793041 -1.253296 1.000000 

0.744022 -0.662499 0.086751 0.000000 
0.234018 0.136773 -0.962564 0.000000 
0.625832 0.736470 0.256799 0.000000 
-33.199318 305.692017 281.988586 1.000000 

0.798801 0.588595 -0.124388 0.000000 
-0.274061 0.171973 -0.946211 0.000000 
-0.535544 0.789925 0.298683 0.000000 
39.093239 296.451721 277.774628 1.000000 

0.965860 0.243944 -0.087209 0.000000 
-0.235165 0.966809 0.099891 0.000000 
0.108682 -0.075972 0.991169 0.000000 
24.111546 56.439369 -32.658550 1.000000 

0.979662 0.057202 -0.192327 0.000000 
-0.055276 0.998353 0.015367 0.000000 
0.192890 -0.004424 0.981210 0.000000 
1.961269 16.213665 -38.607769 1.000000 

0.930749 -0.365183 0.018627 0.000000 
0.365651 0.929833 -0.041353 0.000000 
-0.002219 0.045300 0.998971 0.000000 
-48.389339 -63.832497 9.978231 1.000000 

0.179078 -0.384203 0.905715 0.000000 
0.343496 0.887080 0.308382 0.000000 
-0.921923 0.255885 0.290828 0.000000 
-152.008392 -67.888840 152.487762 1.000000 

0.950781 -0.277303 0.138275 0.000000 
0.258571 0.955923 0.139111 0.000000 
-0.170756 -0.096510 0.980576 0.000000 
-24.546736 67.196426 -46.056061 1.000000 

0.960413 -0.051297 0.273818 0.000000 
0.048704 0.998681 0.016262 0.000000 
-0.274291 -0.002282 0.961644 0.000000 
3.719679 17.231735 -53.442154 1.000000 

0.912746 0.408447 0.008115 0.000000 
-0.407790 0.912111 -0.041969 0.000000 
-0.024544 0.034998 0.999086 0.000000 
56.207596 -70.236633 7.273788 1.000000 

0.160056 0.417036 -0.894686 0.000000 
-0.404053 0.854640 0.326086 0.000000 
0.900624 0.309308 0.305295 0.000000 
164.029099 -72.979942 150.162628 1.000000 

0.432987 -0.787234 0.439073 0.000000 
-0.256681 -0.574615 -0.777131 0.000000 
0.864082 0.223786 -0.450869 0.000000 
142.144501 483.153870 160.489548 1.000000 

0.519638 0.758833 -0.392617 0.000000 
0.229440 -0.566590 -0.791412 0.000000 
-0.823003 0.321166 -0.468529 0.000000 
-139.063614 477.955566 162.143005 1.000000 

0.724420 0.672955 0.149490 0.000000 
-0.689269 0.703582 0.172864 0.000000 
0.011151 -0.228265 0.973535 0.000000 
41.830837 193.175812 8.481913 1.000000 

0.851450 0.291214 -0.436150 0.000000 
-0.256540 0.956642 0.137927 0.000000 
0.457406 -0.005548 0.889241 0.000000 
-11.054502 74.404991 -105.897377 1.000000 

0.954243 -0.298732 0.013406 0.000000 
0.298993 0.953886 -0.026540 0.000000 
-0.004860 0.029334 0.999558 0.000000 
-38.090702 -51.202164 7.689647 1.000000 

-0.324464 -0.384203 0.864356 0.000000 
0.129745 0.887080 0.443007 0.000000 
-0.936958 0.255885 -0.237977 0.000000 
-215.625916 -67.888840 157.143402 1.000000 

0.761165 -0.634984 -0.131995 0.000000 
0.648278 0.750889 0.126100 0.000000 
0.019042 -0.181553 0.983197 0.000000 
-44.905655 178.415863 15.397423 1.000000 

0.815006 -0.228109 0.532665 0.000000 
0.212980 0.972834 0.090737 0.000000 
-0.538892 0.039496 0.841448 0.000000 
24.611801 59.864304 -118.652252 1.000000 

0.924972 0.380034 -0.001184 0.000000 
-0.379985 0.924795 -0.019128 0.000000 
-0.006174 0.018143 0.999816 0.000000 
51.171963 -64.884834 7.489832 1.000000 

-0.327296 0.455987 -0.827619 0.000000 
-0.002543 0.875432 0.483336 0.000000 
0.944918 0.160299 -0.285366 0.000000 
203.091385 -74.646217 150.636841 1.000000 

0.356693 -0.743562 0.565585 0.000000 
-0.441831 -0.667688 -0.599148 0.000000 
0.823138 -0.036181 -0.566688 0.000000 
200.442932 486.673096 87.732315 1.000000 

0.469647 0.725593 -0.502937 0.000000 
0.405877 -0.683354 -0.606870 0.000000 
-0.784025 0.080884 -0.615437 0.000000 
-190.914902 487.844177 86.537201 1.000000 

